#GRB 	Redshift 	T90 	log (M*/M☉) 	SFR 	log (Z/Z☉) 	SSFR 	AV
#		[s] 		[M☉ yr^-1] 		[Gyr^-1] 	
GRB 150413 	3.1390 	120.00 	 -1.0  	 -1.0  	 -1.0  	 -1.0  	 -1.0 
GRB 141121 	1.4690 	549.90 	 -1.0  	 -1.0  	 -1.0  	 -1.0  	 -1.0 
GRB 140606B 	0.3843 	22.78 	 -1.0  	0.06 	 -1.0  	 -1.0  	 -1.0 
GRB 140506 	0.8891 	111.10 	9.00 	1.00 	 -1.0  	1.00 	 -1.0 
GRB 140226 	1.9733 	15.00 	 -1.0  	 -1.0  	 -1.0  	 -1.0  	 -1.0 
GRB 130925 	0.3470 	179.00 	9.50 	3.30 	0.10 	 -1.0  	1.60
GRB 130831 	0.4791 	32.50 	 -1.0  	 -1.0  	 -1.0  	 -1.0  	 -1.0 
GRB 130702 	0.1450 	59.00 	7.90 	0.05 	 -1.0 0.50 	 -1.0  	0.00
GRB 130606 	5.9134 	277.00 	 -1.0  	 -1.0  	 -1.0 1.10 	 -1.0  	 -1.0 
GRB 130603B 	0.3568 	0.18 	9.80 	4.80 	 -1.0 0.25 	 -1.0  	1.17
GRB 130528 	1.2500 	59.40 	 -1.0  	 -1.0  	 -1.0  	 -1.0  	 -1.0 
GRB 130427 	0.3399 	162.83 	9.32 	0.90 	 -1.0 0.20 	 -1.0  	0.05
GRB 130215 	0.5970 	65.70 	 -1.0  	 -1.0  	 -1.0  	 -1.0  	 -1.0 
GRB 130131B 	2.5390 	4.30 	 -1.0  	 -1.0  	 -1.0  	 -1.0  	 -1.0 
GRB 121024 	2.2979 	69.00 	9.90 	42.00 	 -1.0 0.70 	 -1.0  	0.00
GRB 120815 	2.3586 	9.70 	 -1.0  	 -1.0  	 -1.0 1.15 	 -1.0  	 -1.0 
GRB 120729 	0.8000 	71.50 	8.30 	6.00 	 -1.0  	30.00 	 -1.0 
GRB 120624B 	2.1974 	271.00 	10.60 	23.00 	 -1.0  	 -1.0  	1.00
XRF 120422 	0.2826 	5.35 	8.95 	0.40 	 -1.0 0.40 	 -1.0  	 -1.0 
GRB 120327 	2.8145 	62.90 	 -1.0  	 -1.0  	 -1.0 1.20 	 -1.0  	 -1.0 
GRB 120119 	1.7280 	70.00 	9.30 	200.00 	 -1.0  	100.00 	 -1.0 
GRB 120118B 	2.9430 	23.26 	 -1.0  	 -1.0  	 -1.0  	 -1.0  	 -1.0 
GRB 111209 	0.6770 	999.00 	 -1.0  	 -1.0  	 -1.0 0.39 	 -1.0  	 -1.0 
GRB 111123 	3.1516 	290.00 	 -1.0  	 -1.0  	 -1.0  	 -1.0  	 -1.0 
GRB 111008 	4.9907 	63.46 	 -1.0  	 -1.0  	 -1.0 1.70 	 -1.0  	 -1.0 
GRB 111005 	0.0133 	26.00 	9.68 	0.16 	 -1.0  	 -1.0  	 -1.0 
GRB 110918 	0.9840 	 -1.0  	10.68 	11.00 	0.24 	 -1.0  	1.80
GRB 110213 	1.4600 	48.00 	 -1.0  	 -1.0  	 -1.0  	 -1.0  	 -1.0 
GRB 110205 	2.2200 	248.00 	 -1.0  	 -1.0  	 -1.0  	 -1.0  	 -1.0 
GRB 110106B 	0.6180 	24.80 	 -1.0  	 -1.0  	 -1.0  	 -1.0  	 -1.0 
GRB 101225 	0.8470 	999.00 	 -1.0  	 -1.0  	 -1.0  	 -1.0  	 -1.0 
GRB 101219 	0.7180 	0.60 	9.15 	16.00 	 -1.0  	 -1.0  	 -1.0 
GRB 101219B 	0.5519 	34.00 	 -1.0  	 -1.0  	 -1.0  	 -1.0  	 -1.0 
GRB 100816 	0.8049 	1.99 	 -1.0  	 -1.0  	 -1.0  	 -1.0  	 -1.0 
GRB 100814 	1.4400 	174.50 	 -1.0  	 -1.0  	 -1.0  	 -1.0  	 -1.0 
GRB 100728 	1.5670 	198.50 	 -1.0  	 -1.0  	 -1.0  	 -1.0  	 -1.0 
GRB 100625 	0.4520 	0.33 	9.66 	 -1.0  	 -1.0  	 -1.0  	 -1.0 
GRB 100621 	0.5420 	63.60 	8.98 	 -1.0  	 -1.0  	 -1.0  	 -1.0 
GRB 100615 	1.3980 	39.00 	 -1.0  	 -1.0  	 -1.0  	 -1.0  	 -1.0 
GRB 100424 	2.4650 	104.00 	 -1.0  	 -1.0  	 -1.0  	 -1.0  	 -1.0 
GRB 100418 	0.6239 	7.00 	9.28 	1.90 	 -1.0 0.14 	 -1.0  	 -1.0 
GRB 100414 	1.3680 	26.40 	 -1.0  	 -1.0  	 -1.0  	 -1.0  	 -1.0 
XRF 100316D 	0.0591 	999.99 	8.93 	0.14 	 -1.0 0.39 	 -1.0  	 -1.0 
GRB 100219 	4.6672 	18.80 	 -1.0  	 -1.0  	 -1.0 0.95 	 -1.0  	 -1.0 
GRB 100206 	0.4068 	0.20 	10.70 	30.00 	0.51 	 -1.0  	 -1.0 
GRB 100117 	0.9150 	0.30 	10.16 	0.14 	 -1.0  	0.01 	 -1.0 
GRB 091127 	0.4903 	7.10 	8.60 	0.22 	 -1.0 0.29 	0.55 	 -1.0 
GRB 091024 	1.0924 	999.00 	 -1.0  	 -1.0  	 -1.0  	 -1.0  	 -1.0 
GRB 090927 	1.3700 	2.20 	 -1.0  	 -1.0  	 -1.0  	 -1.0  	 -1.0 
GRB 090926 	2.1062 	20.00 	 -1.0  	 -1.0  	 -1.0 2.18 	 -1.0  	 -1.0 
GRB 090926B 	1.2400 	109.70 	10.10 	 -1.0  	 -1.0  	 -1.0  	 -1.0 
GRB 090902B 	1.8229 	21.00 	 -1.0  	 -1.0  	 -1.0  	 -1.0  	 -1.0 
GRB 090814 	0.6940 	80.00 	 -1.0  	 -1.0  	 -1.0  	 -1.0  	 -1.0 
GRB 090812 	2.4521 	36.00 	 -1.0  	 -1.0  	 -1.0  	 -1.0  	 -1.0 
GRB 090618 	0.5420 	113.20 	 -1.0  	 -1.0  	 -1.0  	 -1.0  	 -1.0 
GRB 090529 	2.6240 	100.00 	 -1.0  	 -1.0  	 -1.0  	 -1.0  	 -1.0 
GRB 090519 	3.8500 	64.00 	 -1.0  	 -1.0  	 -1.0  	 -1.0  	 -1.0 
GRB 090516 	4.1110 	210.00 	 -1.0  	 -1.0  	 -1.0  	 -1.0  	 -1.0 
GRB 090510 	0.9030 	0.30 	9.90 	0.30 	 -1.0  	0.04 	 -1.0 
GRB 090426 	2.6090 	1.25 	10.81 	 -1.0  	 -1.0  	 -1.0  	 -1.0 
GRB 090424 	0.5440 	48.00 	 -1.0  	0.80 	 -1.0 0.30 	 -1.0  	 -1.0 
GRB 090423 	8.2300 	10.30 	 -1.0  	 -1.0  	 -1.0  	 -1.0  	 -1.0 
GRB 090417B 	0.3450 	999.99 	10.14 	 -1.0  	 -1.0  	 -1.0  	 -1.0 
GRB 090407 	1.4480 	310.00 	 -1.0  	 -1.0  	 -1.0  	 -1.0  	 -1.0 
GRB 090328 	0.7354 	57.00 	9.82 	3.60 	 -1.0  	0.54 	 -1.0 
GRB 090323 	3.5690 	160.00 	11.20 	6.00 	0.07 	 -1.0  	 -1.0 
GRB 090205 	4.6503 	8.80 	10.83 	 -1.0  	 -1.0  	 -1.0  	 -1.0 
GRB 090113 	1.7493 	9.10 	 -1.0  	 -1.0  	 -1.0  	 -1.0  	 -1.0 
GRB 090102 	1.5470 	27.00 	 -1.0  	 -1.0  	 -1.0  	 -1.0  	 -1.0 
GRB 081221 	2.2600 	34.00 	 -1.0  	 -1.0  	 -1.0  	 -1.0  	 -1.0 
GRB 081109 	0.9790 	190.00 	9.82 	9.90 	 -1.0  	1.50 	 -1.0 
GRB 081029 	3.8479 	270.00 	 -1.0  	 -1.0  	 -1.0  	 -1.0  	 -1.0 
GRB 081008 	1.9683 	185.50 	 -1.0  	 -1.0  	 -1.0 0.52 	 -1.0  	 -1.0 
GRB 081007 	0.5295 	10.00 	 -1.0  	 -1.0  	 -1.0  	 -1.0  	 -1.0 
GRB 080928 	1.6920 	280.00 	 -1.0  	 -1.0  	 -1.0  	 -1.0  	 -1.0 
GRB 080913 	6.6920 	8.00 	 -1.0  	 -1.0  	 -1.0  	 -1.0  	 -1.0 
GRB 080810 	3.3550 	106.00 	 -1.0  	 -1.0  	 -1.0  	 -1.0  	 -1.0 
GRB 080805 	1.5042 	78.00 	9.70 	 -1.0  	 -1.0  	 -1.0  	 -1.0 
GRB 080804 	2.2045 	34.00 	 -1.0  	 -1.0  	 -1.0 0.75 	 -1.0  	 -1.0 
GRB 080710 	0.8454 	120.00 	 -1.0  	 -1.0  	 -1.0  	 -1.0  	 -1.0 
GRB 080607 	3.0360 	79.00 	10.60 	19.00 	 -1.0  	 -1.0  	3.20
GRB 080605 	1.6403 	20.00 	9.90 	31.00 	 -1.0 0.25 	3.90 	0.20
GRB 080603 	1.6874 	60.00 	 -1.0  	 -1.0  	 -1.0  	 -1.0  	 -1.0 
GRB 080517 	0.0890 	64.60 	9.60 	16.00 	 -1.0  	 -1.0  	0.16
XRF 080515 	2.4700 	21.00 	 -1.0  	 -1.0  	 -1.0  	 -1.0  	 -1.0 
GRB 080430 	0.7670 	16.20 	 -1.0  	 -1.0  	 -1.0  	 -1.0  	 -1.0 
XRF 080330 	1.5119 	61.00 	 -1.0  	 -1.0  	 -1.0  	 -1.0  	 -1.0 
GRB 080325 	1.7800 	128.00 	10.80 	9.00 	 -1.0  	 -1.0  	 -1.0 
GRB 080319B 	0.9370 	50.00 	 -1.0  	 -1.0  	 -1.0  	 -1.0  	 -1.0 
GRB 080319C 	1.9500 	34.00 	12.22 	 -1.0  	 -1.0  	 -1.0  	 -1.0 
GRB 080310 	2.4274 	365.00 	 -1.0  	 -1.0  	 -1.0  	 -1.0  	 -1.0 
GRB 080210 	2.6410 	45.00 	 -1.0  	 -1.0  	 -1.0  	 -1.0  	 -1.0 
GRB 080207 	2.0858 	340.00 	11.51 	 -1.0  	 -1.0  	 -1.0  	 -1.0 
GRB 080123 	0.4950 	0.40 	10.02 	 -1.0  	 -1.0  	 -1.0  	 -1.0 
GRB 071227 	0.3810 	1.80 	10.65 	0.60 	 -1.0 0.20 	 -1.0  	 -1.0 
GRB 071031 	2.6920 	180.00 	 -1.0  	 -1.0  	 -1.0 1.85 	 -1.0  	 -1.0 
GRB 071021 	2.4520 	225.00 	 -1.0  	 -1.0  	 -1.0  	 -1.0  	 -1.0 
GRB 071020 	2.1462 	4.20 	 -1.0  	 -1.0  	 -1.0  	 -1.0  	 -1.0 
GRB 070810 	2.1700 	9.00 	 -1.0  	 -1.0  	 -1.0  	 -1.0  	 -1.0 
GRB 070802 	2.4541 	16.40 	9.85 	 -1.0  	 -1.0  	 -1.0  	 -1.0 
GRB 070724 	0.4571 	0.40 	9.92 	15.30 	 -1.0  	1.80 	 -1.0 
GRB 070721B 	3.6298 	340.00 	 -1.0  	 -1.0  	 -1.0  	 -1.0  	 -1.0 
GRB 070714B 	0.9224 	2.00 	9.45 	0.90 	 -1.0  	0.30 	 -1.0 
XRF 070714 	1.5800 	2.00 	 -1.0  	 -1.0  	 -1.0  	 -1.0  	 -1.0 
GRB 070612 	0.6710 	370.00 	 -1.0  	81.00 	 -1.0 0.40 	 -1.0  	 -1.0 
GRB 070611 	2.0394 	13.20 	 -1.0  	 -1.0  	 -1.0  	 -1.0  	 -1.0 
GRB 070521 	2.0865 	37.90 	10.50 	40.00 	 -1.0  	 -1.0  	 -1.0 
GRB 070518 	1.1610 	5.50 	 -1.0  	 -1.0  	 -1.0  	 -1.0  	 -1.0 
GRB 070506 	2.3090 	4.30 	 -1.0  	 -1.0  	 -1.0  	 -1.0  	 -1.0 
GRB 070429B 	0.9020 	0.50 	10.42 	 -1.0  	 -1.0  	 -1.0  	 -1.0 
GRB 070419B 	1.9591 	238.10 	 -1.0  	 -1.0  	 -1.0  	 -1.0  	 -1.0 
GRB 070419 	0.9705 	116.00 	 -1.0  	 -1.0  	 -1.0  	 -1.0  	 -1.0 
GRB 070318 	0.8397 	63.00 	 -1.0  	 -1.0  	 -1.0  	 -1.0  	 -1.0 
GRB 070306 	1.4959 	210.00 	10.36 	13.00 	 -1.0 0.29 	 -1.0  	1.30
GRB 070224 	1.9922 	34.00 	 -1.0  	 -1.0  	 -1.0  	 -1.0  	 -1.0 
GRB 070129 	2.3384 	459.10 	 -1.0  	 -1.0  	 -1.0  	 -1.0  	 -1.0 
GRB 070125 	1.5471 	60.00 	 -1.0  	 -1.0  	 -1.0  	 -1.0  	 -1.0 
GRB 070110 	2.3521 	79.70 	 -1.0  	 -1.0  	 -1.0  	 -1.0  	 -1.0 
GRB 070103 	2.6208 	18.40 	 -1.0  	 -1.0  	 -1.0  	 -1.0  	 -1.0 
GRB 061222 	2.0880 	72.00 	8.04 	 -1.0  	 -1.0  	 -1.0  	 -1.0 
GRB 061217 	0.8270 	0.21 	9.24 	 -1.0  	 -1.0  	 -1.0  	 -1.0 
GRB 061210 	0.4095 	0.19 	9.52 	 -1.0  	 -1.0  	 -1.0  	 -1.0 
GRB 061126 	1.1588 	191.00 	10.62 	2.38 	 -1.0  	 -1.0  	 -1.0 
GRB 061121 	1.3145 	81.00 	10.20 	27.00 	 -1.0  	 -1.0  	0.45
GRB 061110B 	3.4344 	128.00 	 -1.0  	 -1.0  	 -1.0  	 -1.0  	 -1.0 
GRB 061110 	0.7578 	44.50 	 -1.0  	 -1.0  	 -1.0  	 -1.0  	 -1.0 
GRB 061021 	0.3463 	46.00 	 -1.0  	 -1.0  	 -1.0  	 -1.0  	 -1.0 
GRB 061007 	1.2622 	75.70 	 -1.0  	 -1.0  	 -1.0  	 -1.0  	 -1.0 
GRB 061006 	0.4377 	0.42 	8.86 	0.17 	 -1.0  	 -1.0  	 -1.0 
GRB 060927 	5.4636 	22.60 	 -1.0  	 -1.0  	 -1.0  	 -1.0  	 -1.0 
GRB 060926 	3.2060 	8.00 	 -1.0  	 -1.0  	 -1.0  	 -1.0  	 -1.0 
GRB 060912 	0.9370 	5.98 	 -1.0  	 -1.0  	 -1.0  	 -1.0  	 -1.0 
GRB 060908 	1.8836 	19.30 	 -1.0  	 -1.0  	 -1.0  	 -1.0  	 -1.0 
GRB 060906 	3.6860 	43.60 	 -1.0  	 -1.0  	 -1.0  	 -1.0  	 -1.0 
GRB 060904B 	0.7029 	192.00 	 -1.0  	 -1.0  	 -1.0  	 -1.0  	 -1.0 
GRB 060814 	1.9229 	144.90 	10.20 	200.00 	 -1.0  	 -1.0  	1.20
GRB 060801 	1.1304 	0.50 	 -1.0  	 -1.0  	 -1.0  	 -1.0  	 -1.0 
GRB 060729 	0.5428 	115.00 	 -1.0  	 -1.0  	 -1.0  	 -1.0  	 -1.0 
GRB 060719 	1.5320 	66.90 	 -1.0  	 -1.0  	 -1.0  	 -1.0  	 -1.0 
GRB 060714 	2.7108 	116.00 	 -1.0  	 -1.0  	 -1.0  	 -1.0  	 -1.0 
GRB 060707 	3.4240 	68.00 	 -1.0  	 -1.0  	 -1.0  	 -1.0  	 -1.0 
GRB 060614 	0.1250 	102.00 	7.95 	0.01 	 -1.0  	 -1.0  	 -1.0 
GRB 060607 	3.0749 	100.00 	 -1.0  	 -1.0  	 -1.0  	 -1.0  	 -1.0 
GRB 060605 	3.7730 	19.00 	 -1.0  	 -1.0  	 -1.0  	 -1.0  	 -1.0 
GRB 060604 	2.1357 	96.00 	 -1.0  	 -1.0  	 -1.0  	 -1.0  	 -1.0 
GRB 060602 	0.7870 	74.70 	 -1.0  	 -1.0  	 -1.0  	 -1.0  	 -1.0 
GRB 060526 	3.2213 	13.80 	 -1.0  	 -1.0  	 -1.0  	 -1.0  	 -1.0 
GRB 060522 	5.1100 	69.00 	 -1.0  	 -1.0  	 -1.0  	 -1.0  	 -1.0 
GRB 060510B 	4.9420 	276.00 	 -1.0  	 -1.0  	 -1.0  	 -1.0  	 -1.0 
GRB 060505 	0.0889 	4.00 	9.41 	0.43 	 -1.0 0.22 	 -1.0  	0.63
GRB 060418 	1.4890 	52.00 	 -1.0  	 -1.0  	 -1.0  	 -1.0  	 -1.0 
GRB 060319 	1.1720 	12.00 	 -1.0  	 -1.0  	 -1.0  	 -1.0  	 -1.0 
GRB 060306 	1.5590 	61.00 	 -1.0  	 -1.0  	 -1.0  	 -1.0  	 -1.0 
GRB 060223 	4.4060 	11.00 	 -1.0  	 -1.0  	 -1.0  	 -1.0  	 -1.0 
XRF 060218 	0.0335 	999.99 	7.78 	0.05 	 -1.0 0.53 	 -1.0  	0.49
GRB 060210 	3.9130 	220.00 	 -1.0  	 -1.0  	 -1.0  	 -1.0  	 -1.0 
GRB 060206 	4.0480 	7.00 	 -1.0  	 -1.0  	 -1.0  	 -1.0  	 -1.0 
GRB 060202 	0.7850 	206.00 	 -1.0  	 -1.0  	 -1.0  	 -1.0  	 -1.0 
GRB 060124 	2.2960 	300.00 	 -1.0  	 -1.0  	 -1.0  	 -1.0  	 -1.0 
GRB 060115 	3.5328 	122.20 	 -1.0  	 -1.0  	 -1.0  	 -1.0  	 -1.0 
GRB 060111 	2.3200 	13.00 	 -1.0  	 -1.0  	 -1.0  	 -1.0  	 -1.0 
GRB 051221 	0.5464 	1.40 	8.61 	2.61 	 -1.0  	 -1.0  	 -1.0 
GRB 051117B 	0.4810 	9.00 	 -1.0  	 -1.0  	 -1.0  	 -1.0  	 -1.0 
GRB 051111 	1.5500 	47.00 	 -1.0  	 -1.0  	 -1.0  	 -1.0  	 -1.0 
GRB 051109 	2.3460 	36.00 	 -1.0  	 -1.0  	 -1.0  	 -1.0  	 -1.0 
XRF 051109B 	0.0800 	15.00 	 -1.0  	 -1.0  	 -1.0  	 -1.0  	 -1.0 
GRB 051022 	0.8070 	200.00 	10.42 	32.00 	 -1.0 0.20 	 -1.0  	 -1.0 
GRB 051016B 	0.9364 	4.00 	 -1.0  	 -1.0  	 -1.0  	 -1.0  	 -1.0 
GRB 051006 	1.0590 	26.00 	10.11 	98.00 	 -1.0  	 -1.0  	1.70
GRB 051001 	2.4296 	190.60 	 -1.0  	 -1.0  	 -1.0  	 -1.0  	 -1.0 
GRB 050922C 	2.1992 	5.00 	 -1.0  	 -1.0  	 -1.0 1.88 	 -1.0  	 -1.0 
GRB 050915 	2.5273 	53.40 	 -1.0  	 -1.0  	 -1.0  	 -1.0  	 -1.0 
GRB 050908 	3.3467 	20.00 	 -1.0  	 -1.0  	 -1.0  	 -1.0  	 -1.0 
GRB 050904 	6.2950 	225.00 	 -1.0  	 -1.0  	 -1.0  	 -1.0  	 -1.0 
GRB 050826 	0.2960 	35.00 	9.79 	9.13 	0.14 	 -1.0  	 -1.0 
XRF 050824 	0.8278 	25.00 	 -1.0  	 -1.0  	 -1.0 0.30 	 -1.0  	 -1.0 
XRF 050822 	1.4340 	104.10 	 -1.0  	 -1.0  	 -1.0  	 -1.0  	 -1.0 
GRB 050820 	2.6147 	50.00 	 -1.0  	 -1.0  	 -1.0 0.76 	 -1.0  	 -1.0 
GRB 050819 	2.5043 	37.70 	 -1.0  	 -1.0  	 -1.0  	 -1.0  	 -1.0 
GRB 050730 	3.9680 	155.00 	 -1.0  	 -1.0  	 -1.0 1.96 	 -1.0  	 -1.0 
GRB 050724 	0.2570 	3.00 	10.64 	 -1.0  	 -1.0  	 -1.0  	 -1.0 
GRB 050714B 	2.4383 	300.00 	 -1.0  	 -1.0  	 -1.0  	 -1.0  	 -1.0 
GRB 050709 	0.1606 	0.07 	8.66 	0.14 	 -1.0  	 -1.0  	 -1.0 
GRB 050525 	0.6060 	8.80 	 -1.0  	 -1.0  	 -1.0  	 -1.0  	 -1.0 
GRB 050509B 	0.2248 	0.05 	11.08 	 -1.0  	 -1.0  	 -1.0  	 -1.0 
GRB 050502 	3.7930 	 -1.0  	 -1.0  	 -1.0  	 -1.0  	 -1.0  	 -1.0 
XRF 050416 	0.6528 	2.40 	9.19 	2.32 	 -1.0  	 -1.0  	 -1.0 
GRB 050408 	1.2357 	34.00 	 -1.0  	 -1.0  	 -1.0  	 -1.0  	 -1.0 
GRB 050401 	2.8990 	33.00 	 -1.0  	 -1.0  	 -1.0  	 -1.0  	 -1.0 
GRB 050319 	3.2400 	10.00 	 -1.0  	 -1.0  	 -1.0  	 -1.0  	 -1.0 
GRB 050318 	1.4436 	40.00 	 -1.0  	 -1.0  	 -1.0  	 -1.0  	 -1.0 
GRB 050315 	1.9500 	95.60 	 -1.0  	 -1.0  	 -1.0  	 -1.0  	 -1.0 
GRB 050223 	0.5840 	23.00 	9.73 	1.44 	 -1.0  	 -1.0  	 -1.0 
GRB 050219 	0.2110 	23.50 	9.98 	0.06 	 -1.0  	 -1.0  	 -1.0 
XRF 050215B 	2.6200 	7.80 	 -1.0  	 -1.0  	 -1.0  	 -1.0  	 -1.0 
GRB 050126 	1.2900 	26.00 	 -1.0  	 -1.0  	 -1.0  	 -1.0  	 -1.0 
GRB 041006 	0.7120 	24.60 	8.66 	0.34 	 -1.0  	 -1.0  	 -1.0 
GRB 040924 	0.8590 	2.39 	9.20 	1.88 	 -1.0  	 -1.0  	 -1.0 
XRF 040912 	1.5630 	127.00 	 -1.0  	6.30 	 -1.0  	 -1.0  	 -1.0 
GRB 031203 	0.1055 	20.00 	8.82 	12.68 	 -1.0 0.64 	 -1.0  	0.03
XRF 030528 	0.7820 	21.60 	8.82 	15.07 	 -1.0 0.56 	 -1.0  	 -1.0 
XRF 030429 	2.6600 	9.19 	 -1.0  	 -1.0  	 -1.0  	 -1.0  	 -1.0 
GRB 030329 	0.1680 	50.00 	7.74 	0.11 	 -1.0 0.69 	 -1.0  	 -1.0 
GRB 030328 	1.5200 	92.59 	8.83 	3.20 	 -1.0  	 -1.0  	 -1.0 
GRB 030323 	3.3720 	25.05 	 -1.0  	 -1.0  	 -1.0  	 -1.0  	 -1.0 
GRB 030226 	1.9860 	22.09 	 -1.0  	 -1.0  	 -1.0  	 -1.0  	 -1.0 
GRB 021211 	1.0060 	2.67 	8.62 	3.01 	 -1.0  	 -1.0  	 -1.0 
GRB 021004 	2.3304 	100.00 	10.20 	29.00 	 -1.0  	1.80 	 -1.0 
XRF 020903 	0.2510 	32.15 	8.87 	2.65 	 -1.0 0.44 	 -1.0  	0.59
GRB 020813 	1.2550 	125.00 	8.66 	6.76 	 -1.0  	 -1.0  	 -1.0 
GRB 020405 	0.6910 	40.00 	9.75 	3.74 	 -1.0 0.20 	 -1.0  	 -1.0 
GRB 020124 	3.1980 	45.91 	 -1.0  	 -1.0  	 -1.0  	 -1.0  	 -1.0 
GRB 011211 	2.1410 	270.00 	9.77 	4.90 	 -1.0  	 -1.0  	 -1.0 
GRB 011121 	0.3620 	105.00 	9.81 	2.24 	 -1.0  	 -1.0  	0.38
GRB 010921 	0.4510 	12.00 	9.69 	2.50 	 -1.0 0.60 	 -1.0  	1.06
GRB 010222 	1.4800 	170.00 	8.82 	0.34 	 -1.0  	 -1.0  	 -1.0 
GRB 000926 	2.0360 	25.00 	9.52 	2.28 	 -1.0  	 -1.0  	 -1.0 
GRB 000911 	1.0585 	500.00 	9.32 	1.57 	 -1.0  	 -1.0  	 -1.0 
GRB 000418 	1.1180 	30.00 	9.26 	10.35 	 -1.0  	 -1.0  	 -1.0 
GRB 000301C 	2.0404 	10.00 	 -1.0  	 -1.0  	 -1.0  	 -1.0  	 -1.0 
GRB 000210 	0.8460 	12.30 	9.31 	2.28 	 -1.0  	1.10 	 -1.0 
GRB 000131 	4.5000 	50.00 	 -1.0  	 -1.0  	 -1.0  	 -1.0  	 -1.0 
GRB 991208 	0.7060 	60.00 	8.53 	4.52 	 -1.0 0.67 	 -1.0  	 -1.0 
GRB 990712 	0.4340 	30.00 	9.29 	2.39 	 -1.0  	 -1.0  	0.39
GRB 990705 	0.8420 	42.00 	10.20 	6.96 	 -1.0  	 -1.0  	 -1.0 
GRB 990510 	1.6190 	67.58 	 -1.0  	 -1.0  	 -1.0  	 -1.0  	 -1.0 
GRB 990506 	1.3100 	131.33 	9.48 	2.50 	 -1.0  	0.83 	 -1.0 
GRB 990123 	1.6000 	63.30 	9.42 	5.72 	 -1.0  	 -1.0  	 -1.0 
GRB 980703 	0.9660 	400.00 	10.00 	16.57 	 -1.0 0.20 	 -1.0  	 -1.0 
GRB 980613 	1.0970 	50.00 	8.49 	4.70 	 -1.0  	 -1.0  	 -1.0 
GRB 980425 	0.0085 	23.30 	8.68 	0.26 	 -1.0 0.50 	0.53 	1.73
GRB 971214 	3.4200 	20.00 	9.59 	11.40 	 -1.0  	 -1.0  	 -1.0 
GRB 970828 	0.9580 	160.00 	9.19 	0.87 	 -1.0  	 -1.0  	 -1.0 
GRB 970508 	0.8350 	15.00 	8.52 	1.14 	 -1.0  	 -1.0  	 -1.0 
GRB 970228 	0.6950 	80.00 	8.65 	0.53 	 -1.0  	 -1.0  	 -1.0 
	
